#title: Spectral profile
#date: Thu Sep  1 15:03:37 2022
#coordinate: world
#xLabel: frequency [MHz]
#yLabel: [Kelvin] Mean
85600.000	0.000
85600.100	0.000
85600.200	0.000
85600.300	0.000
85600.400	0.000
85600.500	0.000
85600.600	0.000
85600.700	0.000
85600.800	0.000
85600.900	0.000
85601.000	0.000
85601.100	0.000
85601.200	0.000
85601.300	0.000
85601.400	0.000
85601.500	0.000
85601.600	0.000
85601.700	0.000
85601.800	0.000
85601.900	0.000
85602.000	0.000
85602.100	0.000
85602.200	0.000
85602.300	0.000
85602.400	0.000
85602.500	0.000
85602.600	0.000
85602.700	0.000
85602.800	0.000
85602.900	0.000
85603.000	0.000
85603.100	0.000
85603.200	0.000
85603.300	0.000
85603.400	0.000
85603.500	0.000
85603.600	0.000
85603.700	0.000
85603.800	0.000
85603.900	0.000
85604.000	0.000
85604.100	0.000
85604.200	0.000
85604.300	0.000
85604.400	0.000
85604.500	0.000
85604.600	0.000
85604.700	0.000
85604.800	0.000
85604.900	0.000
85605.000	0.000
85605.100	0.000
85605.200	0.000
85605.300	0.000
85605.400	0.000
85605.500	0.000
85605.600	0.000
85605.700	0.000
85605.800	0.000
85605.900	0.000
85606.000	0.000
85606.100	0.000
85606.200	0.000
85606.300	0.000
85606.400	0.000
85606.500	0.000
85606.600	0.000
85606.700	0.000
85606.800	0.000
85606.900	0.000
85607.000	0.000
85607.100	0.000
85607.200	0.000
85607.300	0.000
85607.400	0.000
85607.500	0.000
85607.600	0.000
85607.700	0.000
85607.800	0.000
85607.900	0.000
85608.000	0.000
85608.100	0.000
85608.200	0.000
85608.300	0.000
85608.400	0.000
85608.500	0.000
85608.600	0.000
85608.700	0.000
85608.800	0.000
85608.900	0.000
85609.000	0.000
85609.100	0.000
85609.200	0.000
85609.300	0.000
85609.400	0.000
85609.500	0.000
85609.600	0.000
85609.700	0.000
85609.800	0.000
85609.900	0.000
85610.000	0.000
85610.100	0.000
85610.200	0.000
85610.300	0.000
85610.400	0.000
85610.500	0.000
85610.600	0.000
85610.700	0.000
85610.800	0.000
85610.900	0.000
85611.000	0.000
85611.100	0.000
85611.200	0.000
85611.300	0.000
85611.400	0.000
85611.500	0.000
85611.600	0.000
85611.700	0.000
85611.800	0.000
85611.900	0.000
85612.000	0.000
85612.100	0.000
85612.200	0.000
85612.300	0.000
85612.400	0.000
85612.500	0.000
85612.600	0.000
85612.700	0.000
85612.800	0.000
85612.900	0.000
85613.000	0.000
85613.100	0.000
85613.200	0.000
85613.300	0.000
85613.400	0.000
85613.500	0.000
85613.600	0.000
85613.700	0.000
85613.800	0.000
85613.900	0.000
85614.000	0.000
85614.100	0.000
85614.200	0.000
85614.300	0.000
85614.400	0.000
85614.500	0.000
85614.600	0.000
85614.700	0.000
85614.800	0.000
85614.900	0.000
85615.000	0.000
85615.100	0.000
85615.200	0.000
85615.300	0.000
85615.400	0.000
85615.500	0.000
85615.600	0.000
85615.700	0.000
85615.800	0.000
85615.900	0.000
85616.000	0.000
85616.100	0.000
85616.200	0.000
85616.300	0.000
85616.400	0.000
85616.500	0.000
85616.600	0.000
85616.700	0.000
85616.800	0.000
85616.900	0.000
85617.000	0.000
85617.100	0.000
85617.200	0.000
85617.300	0.000
85617.400	0.000
85617.500	0.000
85617.600	0.000
85617.700	0.000
85617.800	0.000
85617.900	0.000
85618.000	0.000
85618.100	0.000
85618.200	0.000
85618.300	0.000
85618.400	0.000
85618.500	0.000
85618.600	0.000
85618.700	0.000
85618.800	0.000
85618.900	0.000
85619.000	0.000
85619.100	0.000
85619.200	0.000
85619.300	0.000
85619.400	0.000
85619.500	0.000
85619.600	0.000
85619.700	0.000
85619.800	0.000
85619.900	0.000
85620.000	0.000
85620.100	0.000
85620.200	0.000
85620.300	0.000
85620.400	0.000
85620.500	0.000
85620.600	0.000
85620.700	0.000
85620.800	0.000
85620.900	0.000
85621.000	0.000
85621.100	0.000
85621.200	0.000
85621.300	0.000
85621.400	0.000
85621.500	0.000
85621.600	0.000
85621.700	0.000
85621.800	0.000
85621.900	0.000
85622.000	0.000
85622.100	0.000
85622.200	0.000
85622.300	0.000
85622.400	0.000
85622.500	0.000
85622.600	0.000
85622.700	0.000
85622.800	0.000
85622.900	0.000
85623.000	0.000
85623.100	0.000
85623.200	0.000
85623.300	0.000
85623.400	0.000
85623.500	0.000
85623.600	0.000
85623.700	0.000
85623.800	0.000
85623.900	0.000
85624.000	0.000
85624.100	0.000
85624.200	0.000
85624.300	0.000
85624.400	0.000
85624.500	0.000
85624.600	0.000
85624.700	0.000
85624.800	0.000
85624.900	0.000
85625.000	0.000
85625.100	0.000
85625.200	0.000
85625.300	0.000
85625.400	0.000
85625.500	0.000
85625.600	0.000
85625.700	0.000
85625.800	0.000
85625.900	0.000
85626.000	0.000
85626.100	0.000
85626.200	0.000
85626.300	0.000
85626.400	0.000
85626.500	0.000
85626.600	0.000
85626.700	0.000
85626.800	0.000
85626.900	0.000
85627.000	0.000
85627.100	0.000
85627.200	0.000
85627.300	0.000
85627.400	0.000
85627.500	0.000
85627.600	0.000
85627.700	0.000
85627.800	0.000
85627.900	0.000
85628.000	0.000
85628.100	0.000
85628.200	0.000
85628.300	0.000
85628.400	0.000
85628.500	0.000
85628.600	0.000
85628.700	0.000
85628.800	0.000
85628.900	1.066e-14
85629.000	4.308e-14
85629.100	1.719e-13
85629.200	6.448e-13
85629.300	2.364e-12
85629.400	8.392e-12
85629.500	2.900e-11
85629.600	9.747e-11
85629.700	3.189e-10
85629.800	1.015e-09
85629.900	3.145e-09
85630.000	9.484e-09
85630.100	2.783e-08
85630.200	7.947e-08
85630.300	2.208e-07
85630.400	5.973e-07
85630.500	1.572e-06
85630.600	4.027e-06
85630.700	1.004e-05
85630.800	2.435e-05
85630.900	5.749e-05
85631.000	1.321e-04
85631.100	2.953e-04
85631.200	6.426e-04
85631.300	1.361e-03
85631.400	2.804e-03
85631.500	5.624e-03
85631.600	0.011
85631.700	0.021
85631.800	0.039
85631.900	0.069
85632.000	0.121
85632.100	0.207
85632.200	0.342
85632.300	0.552
85632.400	0.865
85632.500	1.319
85632.600	1.955
85632.700	2.816
85632.800	3.943
85632.900	5.364
85633.000	7.089
85633.100	9.100
85633.200	11.352
85633.300	13.764
85633.400	16.229
85633.500	18.625
85633.600	20.820
85633.700	22.689
85633.800	24.125
85633.900	25.047
85634.000	25.400
85634.100	25.166
85634.200	24.357
85634.300	23.020
85634.400	21.231
85634.500	19.093
85634.600	16.728
85634.700	14.266
85634.800	11.833
85634.900	9.542
85635.000	7.476
85635.100	5.691
85635.200	4.208
85635.300	3.023
85635.400	2.111
85635.500	1.432
85635.600	0.945
85635.700	0.606
85635.800	0.378
85635.900	0.229
85636.000	0.136
85636.100	0.078
85636.200	0.044
85636.300	0.024
85636.400	0.013
85636.500	6.460e-03
85636.600	3.239e-03
85636.700	1.580e-03
85636.800	7.504e-04
85636.900	3.468e-04
85637.000	1.560e-04
85637.100	6.826e-05
85637.200	2.907e-05
85637.300	1.205e-05
85637.400	4.861e-06
85637.500	1.909e-06
85637.600	7.291e-07
85637.700	2.711e-07
85637.800	9.809e-08
85637.900	3.454e-08
85638.000	1.184e-08
85638.100	3.948e-09
85638.200	1.281e-09
85638.300	4.047e-10
85638.400	1.244e-10
85638.500	3.721e-11
85638.600	1.083e-11
85638.700	3.073e-12
85638.800	8.489e-13
85638.900	2.365e-13
85639.000	7.527e-14
85639.100	7.527e-14
85639.200	2.041e-13
85639.300	6.770e-13
85639.400	2.149e-12
85639.500	6.716e-12
85639.600	2.040e-11
85639.700	6.028e-11
85639.800	1.734e-10
85639.900	4.854e-10
85640.000	1.322e-09
85640.100	3.506e-09
85640.200	9.046e-09
85640.300	2.271e-08
85640.400	5.551e-08
85640.500	1.320e-07
85640.600	3.055e-07
85640.700	6.881e-07
85640.800	1.508e-06
85640.900	3.217e-06
85641.000	6.679e-06
85641.100	1.349e-05
85641.200	2.653e-05
85641.300	5.076e-05
85641.400	9.452e-05
85641.500	1.713e-04
85641.600	3.021e-04
85641.700	5.185e-04
85641.800	8.660e-04
85641.900	1.408e-03
85642.000	2.227e-03
85642.100	3.428e-03
85642.200	5.136e-03
85642.300	7.489e-03
85642.400	0.011
85642.500	0.015
85642.600	0.020
85642.700	0.026
85642.800	0.033
85642.900	0.041
85643.000	0.049
85643.100	0.057
85643.200	0.066
85643.300	0.073
85643.400	0.079
85643.500	0.083
85643.600	0.085
85643.700	0.085
85643.800	0.082
85643.900	0.078
85644.000	0.071
85644.100	0.064
85644.200	0.055
85644.300	0.047
85644.400	0.039
85644.500	0.031
85644.600	0.024
85644.700	0.018
85644.800	0.014
85644.900	9.761e-03
85645.000	6.833e-03
85645.100	4.654e-03
85645.200	3.086e-03
85645.300	1.991e-03
85645.400	1.250e-03
85645.500	7.637e-04
85645.600	4.541e-04
85645.700	2.628e-04
85645.800	1.480e-04
85645.900	8.112e-05
85646.000	4.327e-05
85646.100	2.246e-05
85646.200	1.135e-05
85646.300	5.578e-06
85646.400	2.669e-06
85646.500	1.243e-06
85646.600	5.631e-07
85646.700	2.483e-07
85646.800	1.066e-07
85646.900	4.451e-08
85647.000	1.809e-08
85647.100	7.156e-09
85647.200	2.755e-09
85647.300	1.032e-09
85647.400	3.763e-10
85647.500	1.337e-10
85647.600	4.644e-11
85647.700	1.612e-11
85647.800	6.197e-12
85647.900	3.622e-12
85648.000	4.099e-12
85648.100	6.508e-12
85648.200	1.118e-11
85648.300	1.943e-11
85648.400	3.364e-11
85648.500	5.785e-11
85648.600	9.881e-11
85648.700	1.676e-10
85648.800	2.825e-10
85648.900	4.727e-10
85649.000	7.857e-10
85649.100	1.297e-09
85649.200	2.127e-09
85649.300	3.464e-09
85649.400	5.604e-09
85649.500	9.005e-09
85649.600	1.437e-08
85649.700	2.278e-08
85649.800	3.586e-08
85649.900	5.607e-08
85650.000	8.708e-08
85650.100	1.343e-07
85650.200	2.058e-07
85650.300	3.132e-07
85650.400	4.733e-07
85650.500	7.106e-07
85650.600	1.059e-06
85650.700	1.569e-06
85650.800	2.308e-06
85650.900	3.372e-06
85651.000	4.893e-06
85651.100	7.052e-06
85651.200	1.009e-05
85651.300	1.435e-05
85651.400	2.027e-05
85651.500	2.843e-05
85651.600	3.960e-05
85651.700	5.480e-05
85651.800	7.531e-05
85651.900	1.028e-04
85652.000	1.394e-04
85652.100	1.877e-04
85652.200	2.510e-04
85652.300	3.335e-04
85652.400	4.400e-04
85652.500	5.766e-04
85652.600	7.505e-04
85652.700	9.703e-04
85652.800	1.246e-03
85652.900	1.589e-03
85653.000	2.013e-03
85653.100	2.533e-03
85653.200	3.165e-03
85653.300	3.928e-03
85653.400	4.843e-03
85653.500	5.930e-03
85653.600	7.211e-03
85653.700	8.711e-03
85653.800	0.010
85653.900	0.012
85654.000	0.015
85654.100	0.017
85654.200	0.020
85654.300	0.023
85654.400	0.027
85654.500	0.031
85654.600	0.035
85654.700	0.040
85654.800	0.044
85654.900	0.049
85655.000	0.055
85655.100	0.060
85655.200	0.066
85655.300	0.071
85655.400	0.076
85655.500	0.082
85655.600	0.087
85655.700	0.091
85655.800	0.096
85655.900	0.100
85656.000	0.103
85656.100	0.106
85656.200	0.108
85656.300	0.109
85656.400	0.110
85656.500	0.109
85656.600	0.109
85656.700	0.107
85656.800	0.105
85656.900	0.102
85657.000	0.098
85657.100	0.094
85657.200	0.090
85657.300	0.085
85657.400	0.080
85657.500	0.074
85657.600	0.069
85657.700	0.063
85657.800	0.058
85657.900	0.053
85658.000	0.048
85658.100	0.043
85658.200	0.038
85658.300	0.033
85658.400	0.029
85658.500	0.026
85658.600	0.022
85658.700	0.019
85658.800	0.016
85658.900	0.014
85659.000	0.012
85659.100	9.760e-03
85659.200	8.114e-03
85659.300	6.700e-03
85659.400	5.495e-03
85659.500	4.476e-03
85659.600	3.622e-03
85659.700	2.910e-03
85659.800	2.323e-03
85659.900	1.842e-03
85660.000	1.450e-03
85660.100	1.134e-03
85660.200	8.819e-04
85660.300	6.820e-04
85660.400	5.258e-04
85660.500	4.068e-04
85660.600	3.204e-04
85660.700	2.651e-04
85660.800	2.434e-04
85660.900	2.630e-04
85661.000	3.388e-04
85661.100	4.963e-04
85661.200	7.741e-04
85661.300	1.228e-03
85661.400	1.934e-03
85661.500	2.990e-03
85661.600	4.517e-03
85661.700	6.653e-03
85661.800	9.542e-03
85661.900	0.013
85662.000	0.018
85662.100	0.024
85662.200	0.031
85662.300	0.039
85662.400	0.047
85662.500	0.056
85662.600	0.065
85662.700	0.073
85662.800	0.079
85662.900	0.085
85663.000	0.088
85663.100	0.088
85663.200	0.087
85663.300	0.083
85663.400	0.077
85663.500	0.070
85663.600	0.061
85663.700	0.052
85663.800	0.044
85663.900	0.035
85664.000	0.028
85664.100	0.022
85664.200	0.016
85664.300	0.012
85664.400	8.297e-03
85664.500	5.719e-03
85664.600	3.837e-03
85664.700	2.505e-03
85664.800	1.591e-03
85664.900	9.840e-04
85665.000	5.921e-04
85665.100	3.467e-04
85665.200	1.976e-04
85665.300	1.096e-04
85665.400	5.916e-05
85665.500	3.108e-05
85665.600	1.589e-05
85665.700	7.905e-06
85665.800	3.828e-06
85665.900	1.804e-06
85666.000	8.272e-07
85666.100	3.692e-07
85666.200	1.603e-07
85666.300	6.778e-08
85666.400	2.788e-08
85666.500	1.116e-08
85666.600	4.349e-09
85666.700	1.649e-09
85666.800	6.085e-10
85666.900	2.185e-10
85667.000	7.638e-11
85667.100	2.598e-11
85667.200	8.596e-12
85667.300	2.772e-12
85667.400	8.704e-13
85667.500	2.793e-13
85667.600	1.397e-13
85667.700	2.578e-13
85667.800	8.811e-13
85667.900	3.170e-12
85668.000	1.114e-11
85668.100	3.812e-11
85668.200	1.270e-10
85668.300	4.117e-10
85668.400	1.299e-09
85668.500	3.989e-09
85668.600	1.192e-08
85668.700	3.466e-08
85668.800	9.810e-08
85668.900	2.702e-07
85669.000	7.243e-07
85669.100	1.890e-06
85669.200	4.798e-06
85669.300	1.185e-05
85669.400	2.850e-05
85669.500	6.671e-05
85669.600	1.519e-04
85669.700	3.367e-04
85669.800	7.264e-04
85669.900	1.525e-03
85670.000	3.115e-03
85670.100	6.194e-03
85670.200	0.012
85670.300	0.023
85670.400	0.041
85670.500	0.074
85670.600	0.128
85670.700	0.216
85670.800	0.355
85670.900	0.567
85671.000	0.882
85671.100	1.334
85671.200	1.960
85671.300	2.801
85671.400	3.890
85671.500	5.250
85671.600	6.884
85671.700	8.771
85671.800	10.861
85671.900	13.076
85672.000	15.315
85672.100	17.461
85672.200	19.394
85672.300	21.003
85672.400	22.191
85672.500	22.888
85672.600	23.053
85672.700	22.677
85672.800	21.782
85672.900	20.419
85673.000	18.672
85673.100	16.641
85673.200	14.445
85673.300	12.202
85673.400	10.024
85673.500	8.006
85673.600	6.213
85673.700	4.686
85673.800	3.433
85673.900	2.445
85674.000	1.692
85674.100	1.139
85674.200	0.745
85674.300	0.474
85674.400	0.293
85674.500	0.177
85674.600	0.104
85674.700	0.059
85674.800	0.033
85674.900	0.018
85675.000	9.291e-03
85675.100	4.751e-03
85675.200	2.364e-03
85675.300	1.145e-03
85675.400	5.397e-04
85675.500	2.475e-04
85675.600	1.105e-04
85675.700	4.801e-05
85675.800	2.030e-05
85675.900	8.352e-06
85676.000	3.345e-06
85676.100	1.303e-06
85676.200	4.944e-07
85676.300	1.825e-07
85676.400	6.555e-08
85676.500	2.292e-08
85676.600	7.797e-09
85676.700	2.582e-09
85676.800	8.319e-10
85676.900	2.609e-10
85677.000	7.962e-11
85677.100	2.365e-11
85677.200	6.834e-12
85677.300	1.923e-12
85677.400	5.265e-13
85677.500	1.397e-13
85677.600	3.220e-14
85677.700	1.066e-14
85677.800	0.000
85677.900	0.000
85678.000	0.000
85678.100	0.000
85678.200	0.000
85678.300	0.000
85678.400	0.000
85678.500	0.000
85678.600	0.000
85678.700	0.000
85678.800	0.000
85678.900	0.000
85679.000	0.000
85679.100	0.000
85679.200	0.000
85679.300	0.000
85679.400	0.000
85679.500	0.000
85679.600	0.000
85679.700	0.000
85679.800	0.000
85679.900	0.000
85680.000	0.000
85680.100	0.000
85680.200	0.000
85680.300	0.000
85680.400	0.000
85680.500	0.000
85680.600	0.000
85680.700	0.000
85680.800	0.000
85680.900	0.000
85681.000	0.000
85681.100	0.000
85681.200	0.000
85681.300	0.000
85681.400	0.000
85681.500	0.000
85681.600	0.000
85681.700	0.000
85681.800	0.000
85681.900	0.000
85682.000	0.000
85682.100	0.000
85682.200	0.000
85682.300	0.000
85682.400	0.000
85682.500	0.000
85682.600	0.000
85682.700	0.000
85682.800	0.000
85682.900	0.000
85683.000	0.000
85683.100	0.000
85683.200	0.000
85683.300	0.000
85683.400	0.000
85683.500	0.000
85683.600	0.000
85683.700	0.000
85683.800	0.000
85683.900	0.000
85684.000	0.000
85684.100	0.000
85684.200	0.000
85684.300	0.000
85684.400	0.000
85684.500	0.000
85684.600	0.000
85684.700	0.000
85684.800	0.000
85684.900	0.000
85685.000	0.000
85685.100	0.000
85685.200	0.000
85685.300	0.000
85685.400	0.000
85685.500	0.000
85685.600	0.000
85685.700	0.000
85685.800	0.000
85685.900	0.000
85686.000	0.000
85686.100	0.000
85686.200	0.000
85686.300	0.000
85686.400	0.000
85686.500	0.000
85686.600	0.000
85686.700	0.000
85686.800	0.000
85686.900	0.000
85687.000	0.000
85687.100	0.000
85687.200	0.000
85687.300	0.000
85687.400	0.000
85687.500	0.000
85687.600	0.000
85687.700	0.000
85687.800	0.000
85687.900	0.000
85688.000	0.000
85688.100	0.000
85688.200	0.000
85688.300	0.000
85688.400	0.000
85688.500	0.000
85688.600	0.000
85688.700	0.000
85688.800	0.000
85688.900	0.000
85689.000	0.000
85689.100	0.000
85689.200	0.000
85689.300	0.000
85689.400	0.000
85689.500	0.000
85689.600	0.000
85689.700	0.000
85689.800	0.000
85689.900	0.000
85690.000	0.000
85690.100	0.000
85690.200	0.000
85690.300	0.000
85690.400	0.000
85690.500	0.000
85690.600	0.000
85690.700	0.000
85690.800	0.000
85690.900	0.000
85691.000	0.000
85691.100	0.000
85691.200	0.000
85691.300	0.000
85691.400	0.000
85691.500	0.000
85691.600	0.000
85691.700	0.000
85691.800	0.000
85691.900	0.000
85692.000	0.000
85692.100	0.000
85692.200	0.000
85692.300	0.000
85692.400	0.000
85692.500	0.000
85692.600	0.000
85692.700	0.000
85692.800	0.000
85692.900	0.000
85693.000	0.000
85693.100	0.000
85693.200	0.000
85693.300	0.000
85693.400	0.000
85693.500	0.000
85693.600	0.000
85693.700	0.000
85693.800	0.000
85693.900	0.000
85694.000	0.000
85694.100	0.000
85694.200	0.000
85694.300	0.000
85694.400	0.000
85694.500	0.000
85694.600	0.000
85694.700	0.000
85694.800	0.000
85694.900	0.000
85695.000	0.000
85695.100	0.000
85695.200	0.000
85695.300	0.000
85695.400	0.000
85695.500	0.000
85695.600	0.000
85695.700	0.000
85695.800	0.000
85695.900	0.000
85696.000	0.000
85696.100	0.000
85696.200	0.000
85696.300	0.000
85696.400	0.000
85696.500	0.000
85696.600	0.000
85696.700	0.000
85696.800	0.000
85696.900	0.000
85697.000	0.000
85697.100	0.000
85697.200	0.000
85697.300	0.000
85697.400	0.000
85697.500	0.000
85697.600	0.000
85697.700	0.000
85697.800	0.000
85697.900	0.000
85698.000	0.000
85698.100	0.000
85698.200	0.000
85698.300	0.000
85698.400	0.000
85698.500	0.000
85698.600	0.000
85698.700	0.000
85698.800	0.000
85698.900	0.000
85699.000	0.000
85699.100	0.000
85699.200	0.000
85699.300	0.000
85699.400	0.000
85699.500	0.000
85699.600	0.000
85699.700	0.000
85699.800	0.000
85699.900	0.000
85700.000	0.000
